[17:07:58.828] thread - 1 launched.
9,11592
6,14300
7,18200
14,9100
5,14040
29,29640
9,12610
5,7410
26,31200
11,10920
15,23140
30,26260
12,26780
23,21970
16,26780
14,19500
10,13260
31,30030
6,30680
51,67860
18,15600
5,59500
5,17850
14,322320
8,415020
4,65640
5,76260
5,14280
22,402600
5,13320
4,141000
21,317820
17,324420
9,428760
7,95040
5,76440
4,14640
23,398340
5,13560
4,142320
22,312240
5,22610
5,59500
35,27300
11,23790
12,28080
9,14820
5,19890
4,11700
14,18460
5,17550
25,25350
9,37960
9,19890
6,11700
5,7150
17,19890
19,25740
27,29770
4,9360
9,22100
18,21060
20,27430
9,17810
16,26910
8,8840
12,21320
10,19760
14,32630
14,24570
13,30290
12,28210
7,32760
6,13780
22,69810
13,39780
4,11960
8,8840
4,10530
4,80730
11,33020
17,80990
11,34580
4,52260
4,21710
9,33150
6,20930
5,24830
11,33280
4,14170
6,38870
18,59800
29,75010
8,14170
11,44980
7,15600
20,16250
6,7800
85,242320
